2.99 12
2.98 12
2.97 12
2.96 12
2.95 12
2.94 12
2.93 12
2.92 12
2.91 12
2.9 12
2.89 12
2.88 12
2.87 12
2.86 12
2.85 12
2.84 12
2.83 12
2.82 12
2.81 12
2.8 12
2.79 12
2.78 12
2.77 12
2.76 12
2.75 12
2.74 12
2.73 12
2.72 12
2.71 12
2.7 12
2.69 12
2.68 12
2.67 12
2.66 12
2.65 12
2.64 12
2.63 12
2.62 12
2.61 12
2.6 12
2.59 12
2.58 12
2.57 12
2.56 12
2.55 12
2.54 12
2.53 12
2.52 12
2.51 12
2.5 12
2.49 12
2.48 12
2.47 12
2.46 12
2.45 12
2.44 12
2.43 12
2.42 12
2.41 12
2.4 12
2.39 12
2.38 12
2.37 12
2.36 12
2.35 12
2.34 12
2.33 12
2.32 12
2.31 12
2.3 12
2.29 12
2.28 12
2.27 12
2.26 12
2.25 12
2.24 12
2.23 12
2.22 12
2.21 12
2.2 12
2.19 12
2.18 12
2.17 12
2.16 12
2.15 12
2.14 12
2.13 12
2.12 12
2.11 12
2.1 12
2.09 12
2.08 12
2.07 12
2.06 12
2.05 12
2.04 12
2.03 12
2.02 12
2.01 12
2 12
1.99 12
1.98 12
1.97 12
1.96 12
1.95 12
1.94 12
1.93 12
1.92 12
1.91 12
1.9 12
1.89 12
1.88 12
1.87 12
1.86 12
1.85 12
1.84 12
1.83 12
1.82 12
1.81 12
1.8 12
1.79 12
1.78 12
1.77 12
1.76 12
1.75 12
1.74 12
1.73 12
1.72 12
1.71 12
1.7 12
1.69 12
1.68 12
1.67 12
1.66 12
1.65 12
1.64 12
1.63 12
1.62 12
1.61 12
1.6 12
1.59 12
1.58 12
1.57 12
1.56 11.9968
1.55 11.9762
1.54 11.9556
1.53 11.9349
1.52 11.9143
1.51 11.8936
1.5 11.873
1.49 11.8523
1.48 11.8317
1.47 11.811
1.46 11.7903
1.45 11.7696
1.44 11.7489
1.43 11.7282
1.42 11.7075
1.41 11.6868
1.4 11.6661
1.39 11.6453
1.38 11.6246
1.37 11.6038
1.36 11.5831
1.35 11.5623
1.34 11.5415
1.33 11.5207
1.32 11.4999
1.31 11.4791
1.3 11.4583
1.29 11.4375
1.28 11.4167
1.27 11.3958
1.26 11.375
1.25 11.3541
1.24 11.3332
1.23 11.3123
1.22 11.2914
1.21 11.2705
1.2 11.2496
1.19 11.2287
1.18 11.2077
1.17 11.1868
1.16 11.1658
1.15 11.1448
1.14 11.1238
1.13 11.1028
1.12 11.0818
1.11 11.0608
1.1 11.0397
1.09 11.0187
1.08 10.9976
1.07 10.9765
1.06 10.9554
1.05 10.9343
1.04 10.9131
1.03 10.892
1.02 10.8708
1.01 10.8496
1 10.8284
0.99 10.7858
0.98 10.7428
0.97 10.6995
0.96 10.6557
0.95 10.6115
0.94 10.5669
0.93 10.5217
0.92 10.4761
0.91 10.43
0.9 10.3833
0.89 10.336
0.88 10.2881
0.87 10.2395
0.86 10.1902
0.85 10.1401
0.84 10.0892
0.83 10.0374
0.82 9.98478
0.81 9.93181
0.8 9.87878
0.79 9.82567
0.78 9.77249
0.77 9.71923
0.76 9.6659
0.75 9.61249
0.74 9.55899
0.73 9.50542
0.72 9.45175
0.71 9.398
0.7 9.34416
0.69 9.29022
0.68 9.23618
0.67 9.18205
0.66 9.12781
0.65 9.07346
0.64 9.019
0.63 8.96443
0.62 8.90975
0.61 8.85494
0.6 8.8
0.59 8.745
0.58 8.69
0.57 8.635
0.56 8.58
0.55 8.525
0.54 8.47
0.53 8.415
0.52 8.36
0.51 8.305
0.5 8.25
0.49 8.195
0.48 8.14
0.47 8.085
0.46 8.03
0.45 7.975
0.44 7.92
0.43 7.865
0.42 7.81
0.41 7.755
0.4 7.7
0.39 7.645
0.38 7.59
0.37 7.535
0.36 7.48
0.35 7.425
0.34 7.37
0.33 7.315
0.32 7.26
0.31 7.205
0.3 7.15
0.29 7.095
0.28 7.04
0.27 6.985
0.26 6.93
0.25 6.875
0.24 6.82
0.23 6.765
0.22 6.71
0.21 6.655
0.2 6.6
0.19 6.545
0.18 6.49
0.17 6.435
0.16 6.38
0.15 6.325
0.14 6.27
0.13 6.215
0.12 6.16
0.11 6.105
0.1 6.05
0.09 5.995
0.08 5.94
0.07 5.885
0.06 5.83
0.05 5.775
0.04 5.72
0.03 5.665
0.02 5.61
0.01 5.555
1.96752e-14 5.5
-0.01 5.445
-0.02 5.39
-0.03 5.335
-0.04 5.28
-0.05 5.225
-0.06 5.17
-0.07 5.115
-0.08 5.06
-0.09 5.005
-0.1 4.95
-0.11 4.895
-0.12 4.84
-0.13 4.785
-0.14 4.73
-0.15 4.675
-0.16 4.62
-0.17 4.565
-0.18 4.51
-0.19 4.455
-0.2 4.4
-0.21 4.345
-0.22 4.29
-0.23 4.235
-0.24 4.18
-0.25 4.125
-0.26 4.07
-0.27 4.015
-0.28 3.96
-0.29 3.905
-0.3 3.85
-0.31 3.795
-0.32 3.74
-0.33 3.685
-0.34 3.63
-0.35 3.575
-0.36 3.52
-0.37 3.465
-0.38 3.41
-0.39 3.355
-0.4 3.3
-0.41 3.245
-0.42 3.19
-0.43 3.135
-0.44 3.08
-0.45 3.025
-0.46 2.97
-0.47 2.915
-0.48 2.86
-0.49 2.805
-0.5 2.75
-0.51 2.695
-0.52 2.64
-0.53 2.585
-0.54 2.53
-0.55 2.475
-0.56 2.42
-0.57 2.365
-0.58 2.31
-0.59 2.255
-0.6 2.2
-0.61 2.145
-0.62 2.09
-0.63 2.035
-0.64 1.98
-0.65 1.925
-0.66 1.87
-0.67 1.815
-0.68 1.76
-0.69 1.705
-0.7 1.65
-0.71 1.595
-0.72 1.54
-0.73 1.485
-0.74 1.43
-0.75 1.375
-0.76 1.32
-0.77 1.265
-0.78 1.21
-0.79 1.155
-0.8 1.1
-0.81 1.045
-0.82 0.99
-0.83 0.935
-0.84 0.88
-0.85 0.825
-0.86 0.77
-0.87 0.715
-0.88 0.66
-0.89 0.605
-0.9 0.55
-0.91 0.495
-0.92 0.44
-0.93 0.385
-0.94 0.33
-0.95 0.275
-0.96 0.22
-0.97 0.165
-0.98 0.11
-0.99 0.0549998
-1 -4.19077e-11
