2.99 12
2.98 12
2.97 12
2.96 12
2.95 12
2.94 12
2.93 12
2.92 12
2.91 12
2.9 12
2.89 12
2.88 12
2.87 12
2.86 12
2.85 12
2.84 12
2.83 12
2.82 12
2.81 12
2.8 12
2.79 12
2.78 12
2.77 12
2.76 12
2.75 12
2.74 12
2.73 12
2.72 12
2.71 12
2.7 12
2.69 12
2.68 12
2.67 12
2.66 12
2.65 12
2.64 12
2.63 12
2.62 12
2.61 12
2.6 12
2.59 12
2.58 12
2.57 12
2.56 12
2.55 12
2.54 12
2.53 12
2.52 12
2.51 12
2.5 12
2.49 12
2.48 12
2.47 12
2.46 12
2.45 12
2.44 12
2.43 12
2.42 12
2.41 12
2.4 12
2.39 12
2.38 12
2.37 12
2.36 12
2.35 12
2.34 12
2.33 12
2.32 12
2.31 12
2.3 12
2.29 12
2.28 12
2.27 12
2.26 12
2.25 12
2.24 12
2.23 12
2.22 12
2.21 12
2.2 12
2.19 12
2.18 12
2.17 12
2.16 12
2.15 12
2.14 12
2.13 12
2.12 12
2.11 12
2.1 12
2.09 12
2.08 12
2.07 12
2.06 12
2.05 12
2.04 11.9825
2.03 11.9637
2.02 11.9448
2.01 11.926
2 11.9071
1.99 11.8883
1.98 11.8694
1.97 11.8506
1.96 11.8317
1.95 11.8128
1.94 11.794
1.93 11.7751
1.92 11.7563
1.91 11.7374
1.9 11.7185
1.89 11.6997
1.88 11.6808
1.87 11.6619
1.86 11.643
1.85 11.6242
1.84 11.6053
1.83 11.5864
1.82 11.5675
1.81 11.5487
1.8 11.5298
1.79 11.5109
1.78 11.492
1.77 11.4731
1.76 11.4542
1.75 11.4353
1.74 11.4165
1.73 11.3976
1.72 11.3787
1.71 11.3598
1.7 11.3409
1.69 11.322
1.68 11.303
1.67 11.2841
1.66 11.2652
1.65 11.2463
1.64 11.2273
1.63 11.2083
1.62 11.1892
1.61 11.1701
1.6 11.1508
1.59 11.1314
1.58 11.1118
1.57 11.092
1.56 11.0716
1.55 11.0501
1.54 11.0284
1.53 11.0066
1.52 10.9847
1.51 10.9626
1.5 10.9405
1.49 10.9181
1.48 10.8956
1.47 10.873
1.46 10.8502
1.45 10.8275
1.44 10.8046
1.43 10.7817
1.42 10.7587
1.41 10.7356
1.4 10.7125
1.39 10.6893
1.38 10.666
1.37 10.6426
1.36 10.619
1.35 10.5953
1.34 10.5714
1.33 10.5472
1.32 10.5228
1.31 10.4983
1.3 10.4735
1.29 10.4487
1.28 10.4236
1.27 10.3984
1.26 10.3731
1.25 10.3476
1.24 10.3219
1.23 10.296
1.22 10.27
1.21 10.2437
1.2 10.2173
1.19 10.1907
1.18 10.1639
1.17 10.1369
1.16 10.1096
1.15 10.0822
1.14 10.0545
1.13 10.0266
1.12 9.9985
1.11 9.9702
1.1 9.94169
1.09 9.91296
1.08 9.88401
1.07 9.85484
1.06 9.82543
1.05 9.79579
1.04 9.76589
1.03 9.7357
1.02 9.70523
1.01 9.6745
1 9.64349
0.99 9.61219
0.98 9.5806
0.97 9.5487
0.96 9.51648
0.95 9.48393
0.94 9.45104
0.93 9.4178
0.92 9.38418
0.91 9.35017
0.9 9.31576
0.89 9.28093
0.88 9.24566
0.87 9.20992
0.86 9.1737
0.85 9.13697
0.84 9.0997
0.83 9.06186
0.82 9.02335
0.81 8.98402
0.8 8.94385
0.79 8.90245
0.78 8.85971
0.77 8.8154
0.76 8.7692
0.75 8.72198
0.74 8.67454
0.73 8.62685
0.72 8.57891
0.71 8.53072
0.7 8.48225
0.69 8.43351
0.68 8.38447
0.67 8.33517
0.66 8.28583
0.65 8.23649
0.64 8.18714
0.63 8.13777
0.62 8.0884
0.61 8.03902
0.6 7.98963
0.59 7.94023
0.58 7.89082
0.57 7.8414
0.56 7.79197
0.55 7.74254
0.54 7.69309
0.53 7.64363
0.52 7.59416
0.51 7.54468
0.5 7.49518
0.49 7.44568
0.48 7.39617
0.47 7.34664
0.46 7.2971
0.45 7.24755
0.44 7.19799
0.43 7.14841
0.42 7.09882
0.41 7.04922
0.4 6.99961
0.39 6.94998
0.38 6.90034
0.37 6.85068
0.36 6.80101
0.35 6.75132
0.34 6.70162
0.33 6.6519
0.32 6.60217
0.31 6.55242
0.3 6.50266
0.29 6.45288
0.28 6.40308
0.27 6.35326
0.26 6.30343
0.25 6.25358
0.24 6.20372
0.23 6.15383
0.22 6.10392
0.21 6.054
0.2 6.00405
0.19 5.95409
0.18 5.9041
0.17 5.85409
0.16 5.80406
0.15 5.75403
0.14 5.70399
0.13 5.65396
0.12 5.60392
0.11 5.55389
0.1 5.50385
0.09 5.45382
0.08 5.40378
0.07 5.35375
0.06 5.30371
0.05 5.25368
0.04 5.20364
0.03 5.15361
0.02 5.10357
0.01 5.05354
1.96752e-14 5.0035
-0.01 4.95347
-0.02 4.90343
-0.03 4.8534
-0.04 4.80336
-0.05 4.75333
-0.06 4.70329
-0.07 4.65326
-0.08 4.60322
-0.09 4.55319
-0.1 4.50315
-0.11 4.45312
-0.12 4.40308
-0.13 4.35305
-0.14 4.30301
-0.15 4.25298
-0.16 4.20294
-0.17 4.15291
-0.18 4.10287
-0.19 4.05284
-0.2 4.0028
-0.21 3.95277
-0.22 3.90273
-0.23 3.8527
-0.24 3.80266
-0.25 3.75263
-0.26 3.70259
-0.27 3.65256
-0.28 3.60252
-0.29 3.55249
-0.3 3.50245
-0.31 3.45242
-0.32 3.40238
-0.33 3.35235
-0.34 3.30231
-0.35 3.25228
-0.36 3.20224
-0.37 3.15221
-0.38 3.10217
-0.39 3.05214
-0.4 3.0021
-0.41 2.95206
-0.42 2.90203
-0.43 2.85199
-0.44 2.80196
-0.45 2.75193
-0.46 2.70189
-0.47 2.65185
-0.48 2.60182
-0.49 2.55179
-0.5 2.50175
-0.51 2.45171
-0.52 2.40168
-0.53 2.35164
-0.54 2.30161
-0.55 2.25157
-0.56 2.20154
-0.57 2.1515
-0.58 2.10147
-0.59 2.05143
-0.6 2.0014
-0.61 1.95136
-0.62 1.90133
-0.63 1.85129
-0.64 1.80126
-0.65 1.75122
-0.66 1.70119
-0.67 1.65116
-0.68 1.60112
-0.69 1.55108
-0.7 1.50105
-0.71 1.45101
-0.72 1.40098
-0.73 1.35095
-0.74 1.30091
-0.75 1.25088
-0.76 1.20084
-0.77 1.15081
-0.78 1.10077
-0.79 1.05073
-0.8 1.0007
-0.81 0.950665
-0.82 0.90063
-0.83 0.850595
-0.84 0.80056
-0.85 0.750525
-0.86 0.700488
-0.87 0.650455
-0.88 0.600418
-0.89 0.550385
-0.9 0.500347
-0.91 0.450313
-0.92 0.400278
-0.93 0.350243
-0.94 0.300207
-0.95 0.250173
-0.96 0.200139
-0.97 0.150105
-0.98 0.100068
-0.99 0.0500346
-1 -1.55642e-08
